.Random.seed <-
c(403L, 10L, -1588947727L, 1248931872L, -1938856258L, -821873975L, 
-198326149L, -1340479926L, 1357537964L, -841812561L, 1687295333L, 
597533468L, -1263745166L, 1963973613L, 2020076583L, -1412115378L, 
1488468136L, -754706773L, 3900361L, 1762451416L, -1771424122L, 
1940844385L, -968613133L, 1929207138L, 1044741076L, -193839401L, 
-995294003L, 386581604L, -957855158L, -622800971L, 750629647L, 
1621331990L, 1866570432L, 1110539395L, -799405919L, -1591894384L, 
-1933697682L, -474338535L, -809324629L, -479933030L, -1768228516L, 
-72839073L, -1710940107L, -97455156L, -1263208670L, -30324355L, 
-1273273737L, -1456333922L, -297285032L, -406625349L, 1452844377L, 
-467992856L, -244613354L, 2017235089L, 2118823235L, -1435125678L, 
2011056868L, 1998703911L, 1848481149L, 955612276L, 1045194330L, 
-99179867L, -1641502529L, -2106549434L, -325260848L, 952007667L, 
235873041L, 743076672L, -1371530466L, -1171332119L, 348907803L, 
-1853340886L, -1424849844L, 777243663L, 501770053L, -871509764L, 
-1249927342L, -153857843L, 689496199L, 591676270L, 1416836424L, 
1640022347L, -371280727L, -1317517832L, -832459482L, -806711743L, 
-2050504749L, 818011522L, 518713780L, -192570057L, 1370593325L, 
297813316L, -1748073878L, -576181035L, -1249121681L, 1797005174L, 
-1569038176L, 868563299L, -1630864895L, -1811535504L, -2093557490L, 
-1549063303L, 469754635L, 2068737082L, 157207356L, 765943935L, 
-353614891L, 2134093292L, 626376514L, 1728561309L, -2146305769L, 
-891400066L, -160536520L, 708247323L, 1924992121L, 214865096L, 
1415443702L, -1359190735L, -1734634141L, 1490843442L, -1746624380L, 
2059386055L, 804417437L, 485546772L, 2004920762L, 1911324677L, 
-2006714913L, -1617835930L, 827062256L, -68681453L, 1972674225L, 
710826336L, -800231682L, -475460983L, 1931650491L, 2071814026L, 
-666892692L, -1944111121L, 731500581L, 2875612L, -838170958L, 
557967789L, -1241195161L, -1884042610L, 596333416L, -1472017557L, 
-878873335L, 623184792L, -788018490L, 821473313L, -1557564237L, 
1151378978L, -1277667308L, 1572904087L, -673466739L, -182724700L, 
1135233418L, 838645237L, 228272207L, 1913421654L, -252111360L, 
689907523L, -180945183L, 1459608656L, -1772411730L, -1668906919L, 
-606265237L, -641870374L, -656818532L, 2003701919L, -127128843L, 
1275475852L, 1668470370L, 1906567741L, -1413622601L, 991759198L, 
-1588613480L, -623669765L, -1524904039L, 177842216L, 1443238102L, 
-608037551L, 1356432387L, 1743842194L, 382404900L, -288059417L, 
255661117L, 497722036L, -1282428646L, 792396389L, 663873279L, 
-2126914682L, -1068385008L, -724322893L, -1345444271L, 659424768L, 
2025292510L, 1797099817L, -1313833765L, -1392981014L, -691561588L, 
-698327857L, 1051903109L, 936365884L, 188059154L, 1893076237L, 
-349612473L, -1979315154L, -667594360L, -373995381L, -1207295383L, 
789225016L, -827132186L, 2071892609L, 907795987L, -1450137150L, 
-2002369932L, -1646025609L, 1845013869L, -442559996L, -1222332118L, 
-1796659563L, 514411823L, 189610038L, -1274442656L, 1830855331L, 
-311044671L, 938451376L, -223772466L, -1961523422L, -963766776L, 
-863333620L, 1297763228L, -1519836142L, 696972160L, 435202836L, 
615753000L, 1628942394L, -1604365360L, -840627604L, -1062818764L, 
63559826L, 1698562400L, 1574067532L, 1766362592L, 526021538L, 
-1156998232L, -769430388L, -1459633220L, -1930122126L, -1091942416L, 
1309389892L, 306972760L, -312401862L, -179089296L, -984873412L, 
218187540L, 1839372994L, -1655979296L, 989539452L, -1010946864L, 
-73892958L, 1703243304L, -1936832244L, 367794108L, -946759374L, 
560791744L, -410242508L, 542968520L, -1339282758L, 30274704L, 
-2077370644L, 1948024404L, -252672366L, 542132000L, -1371113524L, 
726827232L, 2115157698L, 680244264L, -1454695508L, -1157875012L, 
2110048754L, 195663408L, 449738660L, -931909192L, 1878541146L, 
-876694384L, 1125231484L, 397420308L, -477278910L, 1811689216L, 
-1106242628L, -541143216L, 388843810L, -1083940280L, -692121588L, 
1107006556L, 1659400658L, 176979456L, -30793388L, -1265823512L, 
1065640186L, 27297488L, -369602260L, 1667637492L, 119950738L, 
-566011552L, 1132124172L, -1718943008L, -360027550L, 828457640L, 
-1083151796L, 790966140L, -1208773326L, -952785296L, 1594323780L, 
1883580376L, 1515489146L, -2136967632L, -641587268L, 247608916L, 
-879996862L, -121245536L, -922978628L, -665409072L, -1719663774L, 
303571688L, -2067218228L, 1562960380L, 566096370L, -157414784L, 
62037492L, -1562478968L, -831070406L, -1601318064L, 303328364L, 
-1802370668L, -1868336046L, 1857700320L, -1560240948L, -1308572512L, 
87242114L, -99153688L, 1117026028L, 182867260L, -1045050254L, 
-597628816L, -927596508L, -2075800520L, 1052012314L, -1503384368L, 
224165692L, -1733908588L, -701279358L, 1140689344L, 1390018108L, 
1390249360L, 77381154L, -1091934968L, -1886065012L, 931274524L, 
152567954L, -487081600L, -2049055212L, 157114152L, 647567930L, 
-416858672L, -1627805332L, -1539259468L, -1118349294L, 61257184L, 
1603766220L, 1607262432L, -123774942L, -1642471128L, -134980084L, 
-845650116L, -501152782L, -457254160L, -1737241020L, -1047444904L, 
-1767911622L, 1537844720L, 491787964L, -1937901292L, 1293386434L, 
-723618720L, -916077700L, -553789488L, -1038933726L, -92046680L, 
-546956404L, 82606268L, -1169920206L, 1083206208L, -698286924L, 
-625434040L, -1517902406L, -1201389040L, 1823814380L, -963616428L, 
-1466941166L, -743797344L, -1599069492L, 600612448L, -328763454L, 
-184146136L, 54390700L, 1320444732L, 1754737010L, -38208720L, 
1437560100L, 61090616L, 2115083994L, -365041776L, -669085956L, 
-1253610604L, 727064642L, 1073730816L, -557595588L, 1766146384L, 
-809627486L, -572530360L, 1516427020L, -501857572L, -1873121966L, 
1764525184L, -2089951148L, 1926221800L, 1091643642L, -1694323888L, 
618561324L, -1515132556L, -932844654L, 1960994912L, -868856436L, 
978344800L, -1933313566L, -682101848L, -436456244L, -1839087620L, 
630662578L, 2094380528L, -1336980540L, 1965139288L, 1907530106L, 
481313712L, -789984836L, 1256110164L, 799324098L, -1432784864L, 
-833128260L, -1317186992L, -1262029854L, -1116782488L, -1813756852L, 
819970535L, -1271464527L, 943983606L, 1384629780L, 1849927973L, 
703730223L, -1526102040L, 1731784902L, -943594125L, -1125929515L, 
246354354L, -1783287936L, -121244823L, 1904973787L, -535371988L, 
564089146L, -507629585L, -1773733255L, 963783950L, -61192996L, 
573659981L, -586992969L, -986873792L, 580321566L, 1011706859L, 
-734521491L, 551935450L, 669978520L, -140435967L, -386830413L, 
-848388396L, -1930647582L, 1674431095L, 1947513793L, 1115320646L, 
89284740L, 1431463477L, 903376415L, 1146001784L, 311367766L, 
1189901539L, 659006117L, 1685708610L, 704691504L, 2141240665L, 
1331408587L, 102270780L, 147967850L, -845103713L, 1319785513L, 
297977534L, -1342576724L, -1707627267L, 83875911L, -1152833744L, 
-1315848114L, -896349061L, -1672142883L, -1868493302L, 329012008L, 
2000280977L, 1185866627L, 724289668L, -1842256206L, -1616348665L, 
-43742639L, 1093370326L, 1078111412L, -1174497083L, 1546250767L, 
940163720L, -815712346L, -2015051949L, 1012940981L, 858136082L, 
493681632L, -1999925687L, -237269893L, -1356698292L, -545908518L, 
2126391503L, 368129177L, 899217582L, 22226364L, 1395228205L, 
-1930880553L, -1289211872L, 2086606206L, -76625077L, -1808051891L, 
1215721338L, 516374968L, 1105257313L, -410881261L, 1616071476L, 
-890795710L, 1469631831L, 1602889889L, 251691366L, 521220964L, 
-1306387819L, -267691073L, -1320456360L, -1847859850L, 1619462019L, 
-2048811579L, -850287902L, -1386493104L, 1493997177L, 1183979947L, 
924692252L, -1494091702L, -1642845121L, -1355797367L, -905000802L, 
25445708L, 1886496029L, -257417049L, 107745232L, -2098854034L, 
-1972376037L, -69101699L, -31924886L, -691801080L, 1891974321L, 
328817443L, -1719392220L, 968846034L, -1372192985L, -1120198287L, 
622503862L, 1613650772L, -391977499L, -400089105L, 2065874728L, 
186058630L, -1960414285L, -2118135019L, 481111410L, -1476046400L, 
1254474281L, 320915099L, -2053271700L, 449271674L, 2077831343L, 
-194507847L, 1582292430L, -1045591780L, 156171405L, -807882505L, 
